1791173080 64384 2
1791173085 13639040 31
1791173090 9413716 22
1791173095 15179980 32
1791173100 16922068 30
1791173105 4089548 8
1791173110 9920768 20
1791173115 14470252 27
1791173120 18741956 30
1791173125 8561988 13
1791173130 21459572 33
1791173135 24417720 33
1791173140 21393456 33
1791173145 16410656 25
1791173150 16243176 22
1791173155 14985456 21
1791173160 23370404 30
1791173165 24831548 34
1791173170 26378712 33
1791173175 27427620 33
1791173180 26505656 34
1791173185 24493852 32
1791173190 23315376 30
1791173195 26729288 33
1791173201 22234536 33
1791173206 23724980 34
1791173211 25654444 34
1791173216 26747900 32
1791173221 26824296 33
1791173226 22168952 28
1791173231 28151076 34
1791173236 23520480 30
1791173241 27598872 34
1791173246 29339200 33
1791173251 30635084 34
1791173256 29018460 34
1791173261 24547140 31
1791173266 27014560 33
1791173271 28801208 33
1791173276 27900136 33
1791173281 28692344 32
1791173286 29977032 33
1791173291 28907032 34
1791173296 26146812 31
1791173301 30414556 33
1791173306 26015880 31
1791173311 29746720 34
1791173316 28920520 33
1791173322 29086592 33
1791173327 32411800 34
1791173332 28888676 32
1791173337 30449040 33
1791173342 29652836 32
1791173347 29756860 32
1791173352 27636868 32
1791173357 32806656 34
1791173362 30976584 34
1791173367 29710660 34
1791173372 27790596 32
1791173377 30932880 34
1791173382 30128336 33
1791173387 31340380 33
1791173392 33245856 34
1791173397 30493076 33
1791173402 32079212 33
1791173407 31668420 33
1791173412 29029936 32
1791173417 33684612 33
1791173422 32130920 33
1791173427 29194212 31
1791173432 31431156 33
1791173437 33814380 33
1791173443 29678940 32
1791173448 30089056 33
1791173453 30262952 32
1791173458 32449832 34
1791173463 28524188 30
1791173468 30362964 31
1791173473 34775616 33
1791173478 34679024 33
1791173483 30723080 31
1791173488 29849524 31
1791173493 31193364 34
1791173498 31505968 33
1791173503 34808276 34
1791173508 33166936 32
1791173513 35373308 34
1791173518 33994176 33
1791173523 29672872 33
1791173528 32449960 33
1791173533 33023032 33
1791173538 34020364 33
1791173543 33806116 34
1791173548 31791064 33
1791173554 34008544 33
1791173559 30615232 32
1791173564 32539640 32
1791173569 31715672 31
1791173574 30799700 33
1791173579 34181080 33
1791173584 32332640 32
1791173589 32442716 33
1791173594 36936388 34
1791173599 34409580 34
1791173604 36091948 33
1791173609 29685556 30
1791173614 34933136 34
1791173619 31822676 32
1791173624 34693296 33
1791173629 36106860 34
1791173634 28923796 32
1791173639 36145352 34
1791173644 31925832 32
1791173649 36485408 34
1791173654 35257828 34
1791173659 36364516 33
1791173665 38699932 33
1791173670 34521568 34
1791173675 32846988 31
1791173680 39691184 34
1791173685 34089480 33
1791173690 29904960 30
1791173695 36318680 33
1791173700 30915916 30
1791173705 37708120 33
1791173710 38181776 33
1791173715 35568000 34
1791173720 38571848 32
1791173725 36676816 33
1791173730 34711740 33
1791173735 40892592 33
1791173740 35527196 33
1791173745 35623260 33
1791173750 37219092 32
1791173755 36709248 33
1791173760 40091348 34
1791173765 39539428 33
1791173770 36315644 32
1791173775 36924348 32
1791173780 39607728 34
1791173786 37134544 33
1791173791 36968488 34
1791173796 38324820 33
1791173801 38502404 33
1791173806 37315408 33
1791173811 41666200 34
1791173816 39677948 33
1791173821 36684640 33
1791173826 40596388 33
1791173831 40505968 34
1791173836 40908748 32
1791173841 38034008 33
1791173846 38719296 34
1791173851 41114664 32
1791173856 36043072 32
1791173861 39904976 33
1791173866 38610500 33
1791173871 41637872 32
1791173876 40993300 33
1791173881 39475360 33
1791173886 36989440 33
1791173891 44251920 34
1791173896 40616128 34
1791173902 36459332 31
1791173907 27458656 24
1791173912 28085584 22
1791173917 20148080 17
1791173922 33353372 25
1791173927 28023024 22
1791173932 35806052 26
1791173937 29760252 22
1791173942 28123164 20
1791173947 38982364 28
1791173952 43225912 31
1791173957 34885616 24
1791173962 28190028 21
1791173967 30808100 22
1791173972 25788092 17
1791173977 26058876 17
1791173982 24876504 20
1791173987 34029392 25
1791173992 24654612 20
1791173997 25099432 18
1791174002 16541972 12
1791174007 21344228 16
1791174012 22603384 16
1791174017 29057784 23
1791174022 30959964 23
1791174027 23782184 18
1791174032 43550376 32
1791174037 30977204 26
1791174042 44470452 31
1791174047 26035916 21
1791174052 26727116 21
1791174057 27145776 21
1791174062 23296952 17
1791174068 31282192 23
1791174073 46908392 34
1791174078 46125448 34
1791174083 43103840 32
1791174088 35215496 25
1791174093 22171628 17
1791174098 33696452 23
1791174103 25617436 19
1791174108 23463288 17
1791174113 18300836 15
1791174118 43725552 30
1791174123 33236336 24
1791174128 25150800 18
1791174133 27446740 19
1791174138 23174168 18
1791174143 14568216 12
1791174148 7310444 6
1791174153 5882952 5
1791174158 4272724 4
1791174163 7399864 6
1791174168 7463256 6
1791174173 10536300 8
1791174178 6216340 5
1791174183 6367512 5
1791174188 4558428 4
1791174193 2920724 3
1791174198 4230608 3
